0 50905: 14,84
1 85861: 14,76
2 20132: 14,74
3 22652: 14,74
4 75232: 14,74
5 21824: 14,70
6 9041: 14,66
7 97866: 14,65
8 83759: 14,64
9 96407: 14,58
10 35055: 14,57
11 594: 14,54
12 78315: 14,54
13 16564: 14,54
14 33288: 14,52
15 79330: 14,51
16 11283: 14,49
17 4885: 14,47
18 9745: 14,45
19 55165: 14,44
20 94860: 14,43
21 2536: 14,42
22 30062: 14,41
23 74722: 14,41
24 22873: 14,40
25 41892: 14,40
26 95024: 14,40
27 83777: 14,38
28 92208: 14,38
29 10539: 14,37
30 91691: 14,37
31 952: 14,36
32 28182: 14,35
33 32833: 14,35
34 2247: 14,34
35 18048: 14,34
36 35859: 14,34
37 50480: 14,34
38 15199: 14,33
39 98853: 14,33
40 69876: 14,32
41 15163: 14,31
42 41850: 14,31
43 13091: 14,30
44 80358: 14,30
45 98495: 14,30
46 81472: 14,29
47 46821: 14,29
48 94171: 14,29
49 16614: 14,28
50 27069: 14,28
51 81972: 14,28
52 51979: 14,27
53 56109: 14,27
54 17823: 14,26
55 96067: 14,26
56 66159: 14,24
57 34296: 14,24
58 35467: 14,24
59 64705: 14,24
60 58658: 14,23
61 86876: 14,23
62 91197: 14,23
63 43220: 14,22
64 45681: 14,22
65 55337: 14,22
66 8220: 14,22
67 15208: 14,21
68 22543: 14,21
69 79426: 14,21
70 89290: 14,21
71 19997: 14,20
72 99714: 14,20
73 44756: 14,19
74 27788: 14,18
75 87084: 14,18
76 96594: 14,18
77 51990: 14,17
78 28323: 14,16
79 50385: 14,16
80 90809: 14,16
81 94842: 14,16
82 96939: 14,16
83 82846: 14,15
84 89755: 14,15
85 92801: 14,15
86 20959: 14,14
87 25043: 14,14
88 32539: 14,13
89 1355: 14,12
90 1789: 14,12
91 54393: 14,12
92 90341: 14,12
93 48658: 14,12
94 19497: 14,12
95 54050: 14,12
96 53437: 14,11
97 58819: 14,11
98 80450: 14,11
99 20287: 14,10
100 37313: 14,10