0 50905: 14,84
1 85861: 14,76
2 22652: 14,74
3 75232: 14,74
4 20132: 14,74
5 21824: 14,70
6 9041: 14,66
7 97866: 14,65
8 83759: 14,64
9 96407: 14,58
10 35055: 14,57
11 594: 14,54
12 78315: 14,54
13 16564: 14,54
14 94171: 14,29
15 60797: 9,61
16 33288: 14,52
17 79330: 14,51
18 11283: 14,49
19 4885: 14,47
20 9745: 14,45
21 55165: 14,44
22 94860: 14,43
23 2536: 14,42
24 30062: 14,41
25 74722: 14,41
26 5598: 13,97
27 58819: 14,11
28 22873: 14,40
29 74466: 9,74
30 41892: 14,40
31 95024: 14,40
32 83777: 14,38
33 92208: 14,38
34 10539: 14,37
35 91691: 14,37
36 952: 14,36
37 32833: 14,35
38 18048: 14,34
39 2247: 14,34
40 35859: 14,34
41 80358: 14,30
42 20287: 9,93
43 69876: 14,32
44 23145: 13,97
45 50095: 13,97
46 22470: 13,97
47 58669: 13,93
48 14921: 13,01
49 19532: 9,81
50 15163: 14,31
51 34296: 14,24
52 55337: 14,22
53 1789: 14,12
54 58402: 9,68
55 27788: 14,18
56 50480: 14,34
57 16675: 9,82
58 25043: 14,14
59 15199: 14,33
60 81972: 14,28
61 98853: 14,33
62 41850: 14,31
63 13091: 14,30
64 98495: 14,30
65 46821: 14,29
66 16614: 14,28
67 27069: 14,28
68 51979: 14,27
69 56109: 14,27
70 17823: 14,26
71 66159: 14,24
72 64705: 14,24
73 35467: 14,24
74 86876: 14,23
75 91197: 14,23
76 58658: 14,23
77 43220: 14,22
78 45681: 14,22
79 8220: 14,22
80 79426: 14,21
81 89290: 14,21
82 87084: 14,18
83 96594: 14,18
84 51990: 14,17
85 50385: 14,16
86 28323: 14,16
87 96939: 14,16
88 94842: 14,16
89 82846: 14,15
90 89755: 14,15
91 92801: 14,15
92 20959: 14,14
93 54393: 14,12
94 1355: 14,12
95 90341: 14,12
96 48658: 14,12
97 19497: 14,12
98 54050: 14,12
99 53437: 14,11
